10278
41058
32258
37631
44701
7580
1398
39583
8018
41387
32458
26583
36723
36622
56438
52270
29911
41420
38321
28815
35315
29546
41482
49632
41844
10899
34166
19034
10759
46164
4673
37089
21780
62923
2009
33388
17172
20838
12391
50872
42573
14451
7883
41128
36191
22784
9370
35821
12460
65223
35328
47101
4941
39522
63470
16327
16095
32700
30168
5442
35821
56403
45752
18778
61320
19182
27628
58939
60008
20302
60948
35545
30328
43539
27842
21129
20044
48912
44692
3658
35267
952
2866
57476
17327
48986
47630
1504
53281
5850
20260
37993
59475
64494
13558
3331
46421
55873
18133
10846
34126
4059
16380
19836
26445
31446
58514
17529
49427
48545
4421
16246
28674
40861
23551
23039
45483
35327
22950
19037
43368
11671
15701
19065
28214
29538
47040
9373
4141
3603
32133
57650
52023
39810
55457
37677
23541
20622
35341
26713
43707
47048
24198
36837
43950
31349
18071
19232
28033
62224
6516
36843
37853
14802
47393
1698
61850
469
9106
42033
13109
40933
36406
20840
49789
15653
2213
29402
62153
17478
63714
62973
50104
12783
29236
5842
38114
50683
2235
28335
46739
65172
47980
7423
4565
37307
25523
51689
62448
49775
16535
56382
15393
1453
48326
53942
47129
55373
34865
41223
56751
649
33543
20414
10509
30977
34504
23956
61142
24461
39256
763
45072
50893
3676
1749
8085
40769
11714
13033
57863
36843
39765
28567
8428
22044
16606
47699
11517
51651
58760
14006
39980
22257
21959
43652
47998
34539
28175
42614
27155
47539
41381
30000
6173
62666
22422
56273
26873
32142
41027
2119
16103
18247
398
15951
29734
17640
55237
57877
6565
32958
1301
23642
5128
52103
147
16553
35715
25912
28509
794
52752
196
19778
58862
21474
58463
40897
15076
15686
51639
18976
26015
29528
65194
31770
58024
50872
10003
45
62550
16611
62303
51955
42970
44653
47624
64294
49512
13671
16393
64733
23148
33340
26120
42
50648
18703
9284
42717
47729
11272
64147
47425
13020
2544
28065
48634
61520
44953
52575
55742
56137
45919
8305
23662
22492
38062
52629
48235
31998
11528
56701
47250
33546
64959
23877
49643
21460
58200
46709
51213
46442
18042
22000
42353
4909
31714
51632
9395
48899
7222
15756
28405
59746
37037
318
34951
56005
17137
51159
34468
31342
39506
48003
35467
56844
60234
642
63870
26732
37241
60242
45218
6806
56930
38387
25400
62854
28072
65081
32178
38240
159
1352
5164
26418
50282
47528
11024
47786
53221
47119
18808
24715
65321
35553
10817
36188
425
26697
25998
53053
17977
63361
57661
51163
37125
43996
13853
14756
60881
29906
3751
3347
47142
46570
31342
30577
51641
53820
37292
5100
3010
7897
49497
12805
29909
48907
1472
55117
64825
57535
62776
56899
12672
23973
2050
25951
62564
34605
32271
48810
19309
50535
62217
19038
50322
2706
50541
62611
28858
24548
46563
39947
22932
54300
23697
22008
54619
54613
51165
21171
12088
48882
4952
31317
35151
5149
31275
29633
44092
25795
18826
51731
22748
11585
32731
13911
35438
45313
9366
39910
28969
26916
7921
47309
1505
8653
55178
45690
12899
15727
15978
58899
42654
35019
30640
48894
39070
46281
6970
48832
52695
29037
21067
28585
26832
10591
51677
57040
15603
28687
52118
38519
52219
42428
58742
37714
33323
64985
46732
48579
10405
4568
7273
12718
33358
56117
23134
64312
31303
18772
36715
24671
11352
7887
64037
47058
54583
9093
63060
37459
28674
54344
32966
52851
17610
62782
26859
25398
43490
24518
63502
18707
43569
4458
30241
33187
1979
14347
62422
16809
41750
31589
33320
120
44378
13739
475
47191
4291
60046
10560
32573
22875
46062
49694
34777
52836
44322
56758
10189
44345
54457
14145
63793
29014
43877
46839
49194
27915
29111
43337
50022
22421
3998
15207
21911
42836
41076
2650
42798
53228
28136
1442
311
11220
47847
57465
54770
49659
8831
34282
36555
51318
36358
35488
50619
60294
41753
50222
29282
60003
34611
24092
10269
31221
52078
10543
34395
51140
38696
1082
62120
32412
55550
65021
17320
47305
30786
20861
43952
52277
15552
63154
45988
55112
10728
64414
11627
47235
8136
41427
34790
27337
28384
46454
59042
35549
20245
45738
12430
38765
63683
44953
53530
51870
2051
18758
25946
30226
44720
58386
32256
36634
12087
40362
44107
43220
53480
58035
52202
46754
57681
14317
21563
38095
43096
55820
17227
30748
33142
42701
60059
43981
29527
904
36472
49204
7346
15037
65479
52107
8417
55589
34416
52256
23562
50691
35495
42662
6168
31079
20280
53488
14603
50363
38108
5063
5819
11389
36189
8075
62060
23810
8526
34628
31136
5134
6069
48081
57077
4494
22172
21260
32712
2942
59490
36495
31391
53785
8136
51213
51049
29935
21849
20359
25843
46612
31018
62604
22572
7719
63752
57727
51209
24448
29669
48134
36921
30879
59118
28311
37744
56402
4194
25800
43022
7653
39725
43725
52820
18695
60801
14840
56494
20351
44613
25804
17726
64957
29312
15352
34826
54148
30079
48405
14169
31578
7050
17607
33696
44323
23992
40801
18871
45168
49379
32213
28205
39211
20436
44955
42807
51550
24567
31109
25246
63292
55687
6889
22390
34148
17692
20565
58003
60396
48683
18505
13895
11482
55652
16664
35752
32454
37749
43836
38763
56661
899
23401
18195
52809
21985
4709
31239
35725
34343
53978
17177
60102
25103
47013
22242
64644
64141
64828
15
45537
22929
9196
43865
395
40453
43026
28671
5374
61384
35216
31711
14014
12781
12617
58713
53252
51480
59573
19410
43136
56367
35680
138
20447
16100
1909
28205
62366
62146
63479
6607
36446
27236
3297
25596
3592
52306
18614
31670
20988
10673
31499
41603
1733
10425
44764
36634
31640
9254
54097
59890
63992
41863
54182
318
2962
19772
43031
34279
19429
18885
14294
17007
54183
17459
25285
60794
59212
47823
52952
46070
43202
40163
43559
18372
46529
62587
14517
33808
2565
34889
56679
30186
25692
14071
56794
40019
56701
46552
13944
53571
47013
26032
14925
1616
18302
745
4296
54304
233
33951
649
19468
55421
64805
53298
56027
38094
9641
14935
7289
10587
38545
30098
48777
60429
14133
16859
37369
23212
65341
56968
48612
29763
32269
8814
33914
46956
49690
64077
51214
373
6515
61136
38399
55487
23356
52936
10907
8581
9381
55584
27415
47719
29004
52092
44324
15846
22071
49898
24223
13774
25382
38513
36186
48716
49157
36420
50830
54470
41831
54615
6079
22072
39748
25426
28325
37198
63177
9053
62609
59486
32361
17
10934
24424
46538
52254
32507
20072
60877
33175
40433
58463
38171
40338
56002
19161
31289
11562
44287
17799
22497
10723
59445
53009
12432
54786
34111
9299
64619
17881
6469
1573
39880
46595
1772
42383
37958
12511
30744
16817
53946
36426
40273
55541
36125
48138
51162
7391
16777
46386
50913
43316
1834
48445
18732
7919
27109
30184
46658
6579
24899
44610
32892
56290
23409
3905
8825
35965
8508
41121
35193
29572
31942
2386
36191
42950
28872
60248
41523
39811
39981
46280
7350
24039
43048
63039
33789
38024
58718
25227
39607
49456
31751
62229
35553
40434
32810
16207
10878
37268
3473
31325
37172
59840
45854
55601
62826
3088
58050
50364
55280
17649
11136
65253
18104
52137
32393
4123
28522
34848
6614
30427
57918
56096
45361
64807
47014
16889
15112
25247
22071
49865
13717
31261
27667
59288
53076
9353
31967
57896
4998
57246
65533
44734
21853
24198
38712
14113
28259
27165
48214
26914
54952
18279
47098
14710
43616
16824
35023
29179
4611
44598
9363
9477
51027
14087
35583
54511
34978
57119
37576
13172
30397
29684
22708
28363
60171
2866
35377
34245
35172
51020
23171
3637
45414
26039
34099
9877
50161
23138
45608
43052
23253
21211
27859
34543
53899
49520
54714
42192
34932
47588
18183
54204
49953
27947
38912
25630
22106
28894
17946
21221
9638
36100
28038
9698
65354
34266
26316
12725
47296
12396
56436
29386
3603
53780
30343
20462
39689
9791
33970
20564
53040
56980
56335
12135
10029
37647
37475
64438
58078
62823
17370
29196
7993
17190
31429
1509
27723
51096
44405
36982
51372
4320
63011
44611
7012
63314
1617
60723
45843
15691
49959
62207
22790
54870
41654
11213
33939
61793
37882
30459
47833
58733
1760
35057
57088
6211
18621
58744
7975
47111
39109
12098
41612
20796
20863
46235
39802
40652
8880
39284
9531
8495
6079
32247
5484
14975
21215
34271
51510
64761
46466
13952
26373
36061
46251
2866
48363
21999
14950
35355
3319
54368
40907
22235
45428
35202
12223
34571
13619
36769
53766
1299
40220
4701
32600
36818
37091
9682
9633
3157
33032
15340
25357
29635
51439
4487
55834
40954
25151
23078
1114
22298
47155
11727
8674
10183
63925
44458
2335
5623
48483
25019
49658
12820
20106
15728
10937
39612
49915
23916
3635
36925
10153
36376
9715
42664
57265
41170
41444
33383
26197
33786
5722
30071
17510
12821
55372
63453
35971
32622
24919
14824
47197
29731
45536
16259
20199
54264
47150
35250
63671
27098
35687
25411
1725
32826
11048
21503
2295
40459
19140
50366
40750
44432
64780
35952
23362
46053
21457
39767
59777
44712
52334
29731
23962
14139
3820
28762
11191
51628
58673
10771
61565
43505
35819
41087
7698
40145
45886
55215
52181
60054
50291
7738
54555
64324
14074
12982
39982
41876
48848
45668
15181
37458
26183
39874
34944
59160
15397
20782
51350
17884
54812
31469
198
25453
3143
58752
34305
46100
42786
61578
13771
3177
20011
20035
38455
2008
44554
35827
6355
4183
5196
32202
21892
1726
12873
48883
4671
13250
6095
30635
19492
59729
63610
42861
54456
30088
63067
62108
17615
54675
15538
36671
1876
6731
44930
5638
51307
64742
58818
32550
10709
28954
24530
42127
53234
49723
14380
30039
61774
10657
52450
9250
60206
35634
26311
18675
13978
41677
14556
11319
53318
22702
38222
33271
47998
1726
60509
55107
19804
8511
33428
12963
54727
1735
34884
21951
28976
38753
62939
60209
22154
50887
50446
3428
49053
57586
10957
42439
42762
63916
6260
47235
35096
39288
10109
64940
10051
16789
12295
55188
29908
25221
45839
60517
16475
42491
55201
47482
9163
54874
52430
6340
60334
30475
5841
44087
27854
37458
5886
20573
25454
45048
8511
42162
53902
37645
60992
21553
11501
54684
59892
31782
56191
2722
25638
32718
11661
48950
65492
1480
24423
982
30071
38372
4309
30402
8525
51918
57334
53296
48516
10330
52936
4830
8576
23169
22488
24722
52663
36608
5976
45756
17764
63645
43420
18985
21384
26030
54155
52702
33781
52864
681
6614
5768
8204
13000
40516
48273
32135
51455
13513
34796
54382
19376
62370
17412
36965
55569
50729
1459
7844
9036
24282
61961
19928
34589
45523
16070
31409
60048
28169
41938
36589
9081
53638
18217
59075
45527
16318
54303
56426
15344
16044
30151
51083
63110
14715
33197
18302
1719
14207
58191
7622
24146
20791
45621
32820
19546
41987
28341
25844
21574
26192
54629
57896
41895
42066
31722
64420
6543
5519
51376
3894
62750
28377
62242
502
26314
11723
24066
39793
3573
2376
48149
45169
51411
43470
6311
9708
36948
49170
31280
54073
20377
41367
57785
16899
28575
3505
45473
44920
1799
61136
21283
21386
53866
45125
17319
18252
6957
61205
41020
28101
11451
26570
32107
32041
3751
60024
6933
41424
28522
39755
52220
1481
59263
63088
33699
11110
56919
10729
32125
60895
16477
45085
35282
40053
48418
16401
39750
20177
11758
31553
9118
55663
59528
10391
7697
43490
26341
44726
41569
2861
2893
39598
40506
43147
65369
55180
30210
36271
3260
24003
27632
63767
9075
24158
23413
58561
52892
6051
51745
57887
49460
8417
60366
43932
28364
7682
7626
57991
51557
51460
255
21021
25182
14736
49226
10784
21091
61353
26199
20967
13372
742
26084
22507
28599
10707
24749
26632
29299
57473
13989
54447
34559
12894
54399
47806
32969
37933
59960
47310
11862
20022
52440
18479
47698
5109
58212
40677
30307
43479
47227
7593
3087
34437
48742
311
10741
17378
63489
5061
54974
31712
43672
22879
53678
29758
9704
61147
14256
47662
32953
23576
4836
55557
8699
48909
45468
33237
61461
12432
2496
24136
49173
56276
52715
31248
27222
43617
55093
55050
25268
26992
43597
8663
34663
37519
39050
26274
63665
37726
37009
26071
12746
25215
25751
34912
52380
16626
37591
17394
14806
35620
59343
55227
26972
44018
45456
6358
62904
27878
55870
29440
25952
12264
9453
20673
65441
29698
8033
34548
8166
11323
22008
1601
28665
21771
58925
7476
22190
58756
35787
52336
8185
33253
56312
55629
55343
40606
25969
13477
49409
44409
50892
53109
9749
33644
4977
64323
60141
26889
43549
55934
55474
3224
41243
32327
16626
15910
23595
2764
55727
40469
61982
60723
45691
45935
59138
55537
47446
53152
62428
39947
56127
17886
30503
54515
24941
63926
19640
16071
41515
10099
38805
44801
2128
60736
36553
44849
61921
41221
23411
16395
12849
44818
34109
59789
10725
35317
38262
20091
15618
15747
5670
11551
16033
37112
47331
44425
2824
30095
16031
41475
59348
18300
60104
13582
40873
44127
40549
795
9134
47984
22029
34594
22045
2230
45973
9006
21582
54464
49953
60040
58373
39367
56060
58339
16603
27823
20448
21431
32389
50129
21378
39593
8459
8423
16222
22218
13396
45410
25572
18840
60153
61290
32557
43653
43801
44090
44824
20778
56414
34789
44825
38464
45953
7894
19133
16342
57021
27270
35598
55320
30173
25392
45192
26672
49847
8447
53696
42169
60454
32031
54092
11570
45605
14490
61683
49199
22706
50165
57429
44221
11315
54928
47369
41846
38797
8388
10962
56297
54391
26644
27798
42092
27560
14884
62134
8
61739
21391
42082
46454
44083
65535
20604
59363
48472
48955
26421
59119
53633
17056
19785
14480
53696
37870
35248
50257
12526
6836
21315
55707
28392
744
31483
37501
7997
31556
65090
2349
54138
34689
28878
61890
18996
49808
48767
9297
16862
53373
6251
3322
59523
60160
20244
19419
23647
5056
37388
6937
12169
5463
48270
9548
41651
34650
48966
23212
49746
51687
28696
62277
2584
56636
3491
39089
57660
25971
32734
52502
63922
53130
48187
11988
55236
30821
37716
19413
65164
30711
27910
21764
19647
18046
31586
55025
21086
48608
45197
20256
51156
13747
711
24239
53975
10923
29086
37026
54130
33534
2463
14507
38450
38833
40298
18338
18450
63748
42334
27224
26597
37296
35979
51944
12988
60175
6619
64166
27198
62869
54889
49016
10689
43639
6632
32679
22596
43830
29019
38254
1152
8471
36900
41037
63955
23580
16224
31207
17146
51695
33946
5348
38618
51067
47865
37580
34043
13774
29071
27769
56014
23808
14091
61950
5441
46597
38604
17870
50206
59838
62333
62427
26190
49036
20597
29836
42770
21384
51371
7259
39972
31818
37098
26032
49181
43534
55595
5792
35308
39033
811
20026
16952
44003
43749
56579
37733
19018
58714
57464
52006
33313
30301
12822
21156
45380
22343
39202
59967
4254
15524
46985
44567
63644
47757
7479
24320
15292
27181
28806
44918
60903
9965
37362
34584
46794
11637
27880
23907
11882
40953
18708
41268
33543
34126
29572
30481
9068
30519
15718
38240
42305
46669
55785
45638
60218
9660
32129
21040
35186
24118
33599
50437
10241
59762
57584
15779
44941
16243
23099
39578
45159
55443
42747
21232
45448
39133
17922
11677
16478
64766
9437
53394
45267
821
61585
29744
49029
32462
10127
13516
65
2740
45692
14238
45617
54115
49578
6851
6810
55250
24671
42326
61446
59415
48415
43377
30762
64618
12264
9322
37760
49314
64089
20210
36672
14058
65482
26546
30098
9733
29108
3284
21894
9797
34469
15158
62367
42926
38
30692
53037
49170
16288
6032
14279
50917
9271
65498
42078
59275
29434
31816
8778
46204
36534
55653
26664
39030
45887
3321
43732
32547
20570
29144
17676
41309
56900
56727
41920
56330
62668
31622
40836
32849
282
48992
63540
63418
18075
24210
4113
2429
22338
2838
27949
59732
23730
33533
43765
51557
28503
20629
27797
5195
22061
16863
56941
60377
53241
57193
17872
61004
50138
51877
46824
39096
18153
19710
35409
12855
47806
62296
37314
3001
17622
18746
61339
19538
51527
41141
3992
61254
65366
458
22331
33433
9810
41448
21347
20240
29695
53576
64055
62683
6598
39581
36955
65346
61553
9963
41072
63618
11810
2831
24974
20322
6001
55999
56956
23715
51531
28565
32454
44166
30106
35442
8075
63962
12561
33367
64197
50526
30787
30588
14997
40485
21076
36055
41968
18942
16257
13824
11944
26323
23961
39359
49972
26677
47664
56133
53577
45544
8554
8019
7518
30748
12276
53540
35096
63122
39279
20582
4689
53065
17323
8431
24730
5330
2585
58861
29877
23640
50291
35841
3068
54272
58602
32947
13458
48405
12112
8647
15409
9039
2975
5096
9342
58987
13801
52013
13646
48692
40939
29648
24002
14053
23361
45747
47658
62358
4011
63524
65477
14826
19283
8336
63652
8503
20244
41288
50609
40275
34503
31860
18271
38973
4060
31762
59829
44677
192
4565
57839
61739
4718
57730
47650
1968
7857
64787
55661
35398
60995
1725
8759
63023
3217
44584
28207
57043
31697
59897
449
23601
31220
33421
36541
56027
3296
56151
39385
35488
7933
11050
14289
7737
58722
40999
52494
8409
4614
32366
62524
23654
9381
32107
46261
26525
33831
17121
42213
44267
10111
2507
15581
37310
7385
11129
60249
31274
17248
58834
24373
42364
92
1147
18395
51943
10039
29228
58638
33081
2665
8339
780
44959
48545
585
10637
39286
31669
7177
58768
3824
8606
62564
33212
33821
54889
4234
28710
49743
32304
48363
49631
45238
8796
6295
56842
13898
24673
11828
27391
37193
20425
64217
22826
33836
341
7454
15701
21507
57670
62894
44095
27040
58669
36682
20148
2987
51947
65342
24564
55485
63685
25491
2278
59924
2362
16876
62053
5624
53248
12079
27907
13986
34589
62587
47331
40769
26271
55082
45042
37071
16920
480
9754
14158
55293
49947
49008
14083
8406
3294
8904
10601
48292
15562
10631
62997
16864
5579
16339
40999
37414
24409
55547
60401
5771
689
31843
44539
37852
58914
52810
37492
14084
3996
52853
64688
48405
61931
49498
36439
26244
28047
42218
8267
16718
3226
29567
23071
61917
3235
35437
52913
63893
53473
32803
4321
30268
37288
15943
50579
13031
57836
49375
45470
38547
39661
53799
45434
32920
26347
24225
18228
31952
19771
26495
64489
28254
59279
29642
46655
10357
4304
61940
12496
21490
4980
62478
42068
62630
16714
34636
18226
28956
51454
43839
13409
22906
64203
9191
62225
57784
4661
22759
58922
64702
14444
34446
57670
41702
188
41323
34618
9992
62735
15120
31453
41040
48954
32098
41456
26739
17558
6384
59377
53784
46404
16210
58662
7388
12369
55947
58799
60854
41938
12716
52485
21283
3439
51641
5497
36885
8347
7866
8360
40286
27629
106
5708
33479
656
28975
14694
19367
17361
6182
22222
18434
43096
17389
19904
3294
55052
30581
40802
12768
57126
59034
20077
35719
40928
61472
55871
10501
16059
43119
16762
12363
63529
13641
59196
63159
63026
56247
16552
50973
1486
61988
56611
17107
38858
50914
43906
30731
3316
35604
55766
45534
30492
56740
14981
54380
48327
63989
34474
21300
41511
46514
42726
58386
1073
51903
62446
14465
8603
59036
30126
64603
20691
13216
21649
20657
9262
8299
18696
14741
120
45989
16644
28090
49769
2848
52740
56005
9375
47180
28294
3075
62373
45303
58207
39101
57641
47660
1332
3723
26074
7357
6455
7883
5443
41776
29141
57793
53017
22310
14726
55916
49484
26969
15873
42161
48104
30118
33688
49602
14282
64894
33262
24219
6758
35418
40483
46409
50135
59986
19031
42031
47208
23747
31596
25073
59478
39615
62079
24973
38724
304
32805
62396
37631
26826
28045
10164
10109
9593
10728
46229
65527
55096
35441
48427
3982
43968
12102
16949
23637
12403
17206
40966
11885
16150
27477
63800
26663
57427
59521
65243
54666
50239
17458
45268
62570
17016
22565
23829
15483
12608
42332
25688
27761
21952
7296
17998
24913
28237
5962
32792
55545
25906
26084
58714
36664
65365
54079
57531
37098
37917
28906
64459
44329
62953
12054
45445
60798
45934
12780
43346
24323
33483
39263
56049
10834
2758
35550
8745
5878
1714
44717
30180
48348
6266
46350
37290
44145
32273
27475
17710
19371
19384
26386
28943
51967
23668
55838
53217
10716
40835
8851
8958
37445
43810
33609
36198
11129
10529
4806
14848
50357
44767
44061
9107
59187
52430
44075
64832
53247
871
10016
40303
15599
17599
65400
54803
38390
45811
55402
18002
19105
18918
35831
50803
8885
45605
31726
59663
28912
30349
17704
319
65404
7447
13844
64920
3945
26544
11828
56091
23977
63511
44016
32638
42138
53699
2269
62422
17460
25774
61894
12369
39297
43085
41832
45047
53065
8590
1045
14508
38988
60120
43240
5469
13451
54055
46236
34507
2900
48390
23738
65298
21310
52475
3104
272
22652
29634
30236
32485
27553
52214
3739
18965
43195
48068
30338
24292
36632
62326
7816
4329
42241
51230
36374
24309
41926
5119
30890
22
26229
13067
45055
11662
52588
48383
5840
16282
29295
417
6314
26944
26014
24813
56971
29866
19224
57861
32116
16559
40065
44582
15825
11410
46740
63295
9268
56753
48777
40764
23254
35498
14485
31534
15029
23572
18951
60586
62751
333
18332
58892
24727
38071
6565
17875
34248
24896
2576
56235
12987
19900
40920
8842
19195
12641
56542
51112
5377
57069
43973
18477
27304
24336
37079
36358
30368
18579
2063
47824
45389
6875
18856
17769
44377
44272
64579
36812
17992
63410
54941
22668
30680
4521
8848
30396
52332
43909
7325
29783
33433
42550
20942
28600
52215
4570
49721
54566
60498
64383
55551
38558
42479
13166
59213
61867
11134
52569
30413
20599
62528
3231
28971
11659
7764
37687
22470
31909
10304
25860
37647
52953
41468
59252
48197
49326
24042
50575
39140
37193
64750
32811
38976
65160
21627
9527
46630
65320
46862
22564
14166
5233
12867
12757
62157
15839
13283
435
55135
53337
10940
52721
44009
32993
24580
65066
31638
6617
6506
51708
806
35773
1681
35614
24172
18148
12371
34905
60999
55009
39013
29855
63709
28714
52585
60554
5609
30064
11662
21469
47558
40064
44007
56693
37447
31457
38974
51578
43989
41427
38613
53992
56782
7663
20290
31462
9262
6834
51483
56586
17576
10018
33377
49823
9943
4845
9210
5923
2671
34348
33842
24366
37856
35466
35170
7469
5282
59291
28305
13323
23438
36520
61938
54932
28787
47913
64916
41908
33389
43628
53668
39941
26248
5132
21701
21924
17477
43721
15984
32274
56322
15294
46453
54493
13435
47609
9026
41570
52733
19906
15465
19310
52351
41307
37604
27534
59805
3130
50148
10240
28090
35571
305
57809
25440
47309
23462
1844
15137
14027
16236
4226
55104
52064
4346
33620
40207
15049
7055
32452
23875
50821
55327
52482
2287
25844
13506
52459
5625
63830
44500
34883
57746
104
48591
40266
40103
23315
3482
16651
35922
22993
28354
53632
61886
35802
56635
9920
56036
49370
61008
37279
4293
17611
5719
39603
5286
1078
4256
52181
31300
56499
46512
58154
1776
47614
50510
7122
57481
2136
7185
14061
60774
38780
10183
48642
14608
54620
58298
32879
24639
29714
53673
61954
22116
17810
42250
7761
37319
10108
54467
47183
6774
38242
47333
8743
52763
41293
24985
10366
58947
9103
27862
63143
41796
36411
17140
33945
46777
15956
57672
19793
25468
16418
44422
53075
16244
29747
35353
232
44643
36237
46650
65293
30660
44083
13357
37054
2828
50874
23659
5506
63715
13047
26049
41978
56930
5246
19708
39253
50539
22583
29032
8483
55786
11178
41831
49024
9566
24823
3584
16546
12759
13774
14654
55810
2499
10651
20678
19142
64656
12916
56509
11936
46267
2420
26049
57995
43053
4267
6931
41442
20293
19086
470
56715
5842
47889
45633
50583
11619
16736
58765
60544
18244
12692
50909
37211
51664
50016
6084
36296
45564
18883
31829
56788
63655
62979
29669
38316
1042
53827
12426
40164
2144
7384
6548
18556
14603
30563
45507
49796
3021
44188
20476
36629
59909
45220
3749
36034
12306
36948
2869
33642
1906
55768
11307
10336
61471
12667
22057
30119
33232
65433
10429
19460
56266
2115
39887
23108
36697
14705
10594
65459
26655
22003
6147
2435
44021
17053
24326
13285
52318
17354
41965
35016
4984
49490
52683
47612
23211
40028
34320
24362
36566
55334
48812
30548
8309
22418
20751
47883
41211
12622
51447
4883
43931
17706
62831
50310
24546
55539
40486
59954
62954
22489
63912
18827
3746
5133
41142
8054
33956
26841
8347
45545
65118
56093
56230
42671
58474
55624
30539
21872
30810
19708
15624
2587
23217
46777
36107
30860
64855
48312
37654
28489
65246
33687
47125
10773
49902
59869
15470
51839
21275
15129
9685
51391
32588
40110
58476
56011
53723
29959
57666
55256
43204
57700
29959
4941
40090
15647
57691
57484
63567
21008
11406
12045
53047
15933
51672
30612
50238
31608
958
11814
58619
29084
20425
20503
2372
50925
63634
48929
61111
37473
16291
54510
19703
62972
26847
14746
51816
32422
2152
59641
2875
44725
18274
1513
36960
44719
40688
63422
13773
57790
16782
41846
37948
64663
16586
62500
2590
19644
24630
7853
27831
49570
25626
44311
23593
20925
22852
12570
53325
4338
45942
43377
37385
56301
58697
10448
3659
19964
13941
26272
46167
62679
16139
5581
60357
2031
15669
11127
25071
12392
32492
18595
58458
39933
13254
55040
1575
9239
3455
60987
47014
38216
16671
24613
34404
57901
33364
30084
51321
47571
63731
45123
51741
27880
7453
2644
19270
7189
3077
35666
57964
1422
28800
64239
45337
20489
52138
3094
27208
45931
59265
35431
35172
38737
2893
3333
1018
27450
52728
10591
5414
56952
23429
12437
63093
42677
13596
65131
3538
62428
65218
31179
13076
63732
16601
24871
13362
4926
37022
34344
31682
49615
1518
49212
32574
41883
60973
49930
29381
37701
25795
15266
49210
50281
31782
9106
32911
61728
37138
15135
11361
3450
62101
46992
49959
1721
3973
28710
34135
6515
36468
64194
26502
23781
1032
28950
4488
35173
2432
35774
20334
12934
33400
23673
28338
55116
40353
34498
58371
17799
7808
59653
17371
27689
19970
40318
56807
33476
10862
55316
64272
56125
1665
60798
42472
27368
60492
47718
45884
27384
28369
4609
36167
26810
48780
24287
49503
12611
13529
26108
47826
31346
65092
2254
46123
92
33125
42082
32877
53881
45918
36880
16847
30410
3952
2081
60116
20039
2075
11268
13109
64657
51491
60008
17979
11651
50389
60030
23016
44730
20338
17298
13027
55785
62822
62933
10841
19689
11388
31799
15882
13361
39963
25470
14011
43008
23571
29830
27339
1661
39308
64791
11629
14496
35320
13367
17689
18004
50388
58490
32147
64855
7290
16025
55674
9125
23084
21800
32638
24333
11805
47872
36141
11187
60643
31018
12433
14161
53842
55778
56314
55060
51473
29620
8614
8218
57401
41185
16356
10983
61520
60037
5342
17096
47938
47022
40134
29616
30398
1274
1826
53085
47628
39260
34359
33257
52307
31765
49325
63940
17066
37039
54509
54650
36788
33956
129
35066
42571
6697
46697
57250
63413
10245
45484
56640
49811
60716
22141
45314
21878
44735
21006
9807
5604
13817
61851
46156
57774
46930
43404
25708
24301
17808
58590
52427
56604
36272
6379
52522
30503
63282
11260
28335
27237
11236
14364
39935
33170
52068
16599
47452
28385
706
49851
45457
6795
48600
47890
57930
55319
51598
50575
43999
18341
29119
49349
46526
5967
8255
22285
21811
49477
53989
25047
44334
35816
15783
43698
8101
31399
33080
6496
63870
45906
6907
40517
58863
61253
17313
28153
45954
32097
20055
55493
34197
7191
13816
14972
22110
14396
14043
45374
36297
28129
55405
28886
52193
47581
19693
41027
49905
4707
46158
30313
5319
60904
35035
49849
46117
6670
44875
9133
47792
5820
25661
27261
19475
27860
41289
2709
2152
36022
53112
39463
25766
29727
57631
61515
48988
10823
15409
42512
32053
40354
13748
12050
35238
37496
12744
65392
21194
32080
43447
16536
22458
41571
63934
53396
54542
29621
7269
50344
2252
60754
18121
4477
27749
5296
25019
14565
43791
34958
14744
49728
4400
48997
26264
17930
24004
62592
9433
13226
908
51535
51529
8932
50394
31530
42559
51751
24000
5145
51612
22783
47330
62395
61543
38911
25705
38514
20930
63473
35526
55082
24307
17918
18800
26373
31166
13191
34082
40199
63874
12453
19864
25620
15836
57969
10414
16868
5843
47677
8038
47319
51516
62320
50950
65277
45867
22246
24271
57137
60955
22352
37444
62469
31692
7866
27646
6029
50619
60735
953
34277
56758
52968
55173
6691
43870
13609
49258
2828
53978
28011
52858
61131
30704
29605
41122
38818
28894
57769
54125
46555
50733
49662
32072
20291
6138
27460
31175
63573
36984
31687
7108
17288
22715
61371
22868
37927
8683
38737
16520
47326
44762
22878
8214
41231
44667
39295
24238
52020
44130
52565
19902
7716
22845
5076
24637
46844
31244
2901
27142
40826
59170
15599
38338
9094
5222
63465
17123
56719
34171
55868
50504
32348
13360
59135
18578
58993
5253
856
4388
3445
25674
44474
55678
48918
54113
30523
46334
53679
23697
55750
33262
51946
48604
48981
6058
42836
43338
22585
35281
54976
17053
17126
56958
29399
46269
42388
37196
41032
61557
8453
32235
14819
28431
45877
18339
1184
15566
60592
1231
57845
59282
40777
4178
6799
19975
47607
25963
61810
17752
28584
4289
39284
26382
14666
63918
36522
20097
13130
19587
19398
42779
49223
51791
13042
2498
15177
19850
21266
56282
64787
46016
35480
3002
24216
21326
8293
48191
29187
4785
7375
63964
855
14929
368
44748
23558
55882
43044
60771
24302
10316
49963
63002
811
4402
30499
8555
17807
35613
10337
48326
6100
24640
65441
35828
40863
60284
62774
29010
1990
61180
11820
50112
46748
28538
1567
52315
51081
30410
41682
5342
32600
43693
39673
1957
59166
61118
55083
38871
23972
45085
60427
4256
6777
21690
13295
17548
56839
46647
59637
18147
58517
26589
21541
14766
10260
14673
16738
46760
42360
8149
62009
35199
21547
27881
21037
65161
40085
22429
37549
22215
26227
44443
38186
40444
23737
13681
7810
31316
19067
60030
45939
10665
61932
31371
4098
11089
40940
54353
48778
59681
15909
18875
4087
58890
64961
31044
50390
33655
15268
10922
12262
2584
13228
22784
4850
49839
35583
23175
60402
23867
40367
49764
61069
58550
53053
56107
8223
19568
4868
22676
14151
45984
32394
59549
52752
17094
11563
40588
2977
27034
29702
36205
637
52663
61390
63144
52685
2396
23509
27756
57124
53755
58111
7879
28843
65043
28528
31997
24664
3961
61547
34758
62615
62765
42618
47155
768
26734
53228
2920
24878
40741
5904
19502
38744
11841
43110
47346
21325
31932
50675
54877
59211
24098
56170
5200
59708
19497
64810
37579
34793
17963
11268
39150
62142
13815
47228
39692
59158
50993
41387
38083
52683
1719
8595
48581
55641
61527
20740
52857
48640
2630
49308
36347
40466
44353
63831
31675
32667
36164
62519
12242
2599
11443
15227
62035
51629
42796
59501
2332
52455
3669
26645
51353
33373
36870
65244
17481
18280
29372
54322
28347
32449
28404
31334
61920
2248
62466
59442
5540
36686
9573
50694
49817
11919
23393
55881
62149
27610
9825
6890
26880
37863
38744
511
23430
59745
45814
37591
1131
34942
18441
10635
64238
54713
23240
18146
41468
37099
52043
42086
64992
34030
24989
28712
37725
28319
8527
54361
48641
8904
29152
1757
31583
64536
62150
50192
13818
21656
54960
2383
42987
29008
17793
64960
39101
29071
21322
62222
14483
47284
20174
17892
15371
37832
31159
25852
29263
15462
32131
22345
635
21812
20792
12245
60638
65351
25421
43521
27330
506
6118
39215
21526
31191
3939
61595
53417
37160
17799
57556
2800
24867
43224
58977
16334
57737
11013
63548
47580
5855
24710
43999
15500
3111
899
26333
58802
29938
17309
12340
52716
23969
31603
34203
2475
44596
46746
59095
41991
18520
8620
65019
38452
61365
59702
49363
10802
13692
10862
54261
36520
55526
21824
33290
32947
40805
55121
40965
26499
26602
65237
55790
23844
51864
29227
27530
14959
56498
64627
52719
52327
1638
17541
41564
14729
49519
47865
63872
50612
41800
48479
61964
5523
27180
55339
57989
44032
44288
40335
2687
2877
405
25718
22586
16714
49026
45929
28903
3343
65450
702
9878
63659
36406
62287
60906
14632
52616
13160
50178
58637
10748
31991
43217
22750
44760
61090
27998
37827
16734
44780
42655
29708
28525
1935
15871
40716
62625
17179
504
52253
38445
51057
44667
45623
21692
5936
11274
50585
39793
63740
12599
14766
28531
37604
32659
55044
21196
11052
53250
13371
49893
25325
41781
60961
1161
59557
16606
3306
15372
56342
65230
62035
27775
59121
19193
21092
46548
8561
39806
26740
34401
58656
45597
6256
26300
14170
44729
1459
37887
43896
57865
22668
37150
9137
37376
35918
52934
42104
34489
47081
37000
62627
6480
42610
3685
46834
12117
16358
19110
52711
26959
26493
2707
45238
15968
18428
14303
61924
38183
16810
9464
55045
62820
35957
36916
52295
35398
56268
29188
54441
19255
21557
291
47314
56603
63123
59975
20327
54986
20281
49015
37997
24627
28805
29247
42886
7147
2986
50336
43171
2264
20391
42806
2391
8400
13810
9049
16405
53312
6605
5156
4822
12283
4504
22427
63965
22562
53178
24028
58973
18116
10622
54379
21717
56803
47333
15726
25322
32252
11666
25210
12317
35102
64067
18420
9073
14640
62206
37138
55321
34067
27294
46287
53600
39753
47326
7891
29288
51554
18785
10697
53665
19826
44176
6911
22791
39678
49870
59868
36225
29015
28585
45803
4403
26812
34030
41686
15719
5109
51965
11317
22298
39673
7742
15912
54274
19546
14679
24625
41662
15707
58551
36899
33813
62358
32736
56082
24001
46212
15918
63235
28344
20607
18731
45439
46863
31644
44037
12214
12424
39360
27471
59154
35919
37203
20730
23856
36018
49018
15748
30346
33948
27764
22341
30738
28406
47228
38475
16563
41508
19317
59209
64026
18317
10822
64848
13004
21164
3973
28958
65269
40414
23188
62395
21672
39220
46600
62357
51396
8002
64313
58323
30772
56174
60423
55426
54040
7059
63653
57112
53083
62978
50430
37373
63596
37178
32677
48595
18789
20695
7993
29793
4985
16717
60604
38080
39138
29341
35166
9023
25658
467
10251
11079
1610
19164
43521
970
45913
8996
55759
4244
16508
55581
29598
64745
42461
57796
44168
6098
15069
64927
19528
4618
43981
63074
8234
56612
15779
24258
20934
49718
22788
22711
14102
51912
38859
49093
7462
54513
53421
9614
50239
59006
13503
32434
54470
64854
8684
33514
21111
63250
3494
35171
24223
3627
8485
52101
19647
2001
9193
26684
40197
104
3213
48057
16278
32694
15151
2688
23604
47944
9680
54876
15482
30176
21792
22728
60583
17434
25728
47257
41623
62824
21823
54033
8333
61563
32862
21225
28025
57358
16000
1109
4829
23000
64395
10142
9174
12810
39647
17543
52237
41181
34807
59483
48482
5939
47051
46882
35329
50932
28383
57475
37485
4097
60766
12817
47986
3940
538
9738
17509
43706
19811
2048
38822
32355
21124
35
62862
41663
6344
62547
65089
55794
29543
30636
33757
31819
3323
30703
62742
33605
46194
19137
38389
62288
62476
14459
2585
56473
19452
29031
25920
51314
22179
48741
17369
44566
32484
46567
27553
33853
8380
44554
3399
8172
21031
63755
54335
36634
56258
57535
24663
49372
7776
52570
54818
35844
3723
1618
6834
46278
43513
48118
32514
58976
24225
55948
14869
204
60187
4179
43265
34184
39132
21381
48039
17845
6351
62054
26077
24196
35053
26700
13388
28283
11047
14616
3888
50040
62113
15211
2059
36046
58664
34968
62301
20292
4035
41493
28693
44520
9314
23997
15915
5251
21125
359
596
23449
12528
4667
15179
64558
32160
44730
47524
16580
41182
11505
35427
23843
47397
51588
38039
54717
60037
8521
41367
15992
27568
51522
17699
2400
23000
56391
44863
62856
57320
17529
44517
1529
44577
20416
4473
47090
53933
31360
1782
19755
2091
33964
35192
40143
25598
25931
41831
12646
9957
63889
9212
49019
7379
26170
7862
39658
32749
20187
31456
14726
15190
21497
34961
45926
22149
3918
12937
22118
37194
26126
20232
64736
21759
54852
48667
52304
52563
43478
42206
59852
3821
49233
41098
1641
51208
46454
60941
46724
9624
42035
20279
40665
20954
1619
14931
36689
43533
57261
22086
6516
4665
46689
28820
7030
17890
32431
41280
1436
52726
18874
46521
61412
56013
55028
9673
44501
34864
16853
864
58486
24441
56802
24635
5617
40392
35389
24741
50118
1772
30557
26339
48287
28155
54787
40651
56754
48030
50727
46347
60545
22844
27436
45935
37221
4863
22668
50792
27275
47386
61246
48670
21914
13844
17429
60854
5836
16402
64968
6702
48376
426
15223
9273
63413
24010
30034
31819
5329
57452
13178
60910
8391
16477
47364
9427
15675
38511
486
63034
22084
63981
12919
18173
46461
32921
18526
23585
30884
36990
36202
31685
471
23352
44020
24800
62634
2156
6695
51201
29358
8767
63159
52762
5028
40456
37028
61393
53088
18084
65531
47550
49408
56299
1610
19009
32635
53274
3259
24915
55274
31195
34343
15160
38089
1267
45189
53336
23794
45893
55957
48335
38462
33605
51700
36554
53655
18132
9989
18267
47521
1596
13579
37502
14306
33489
60102
48687
21983
18828
60876
44147
20045
26171
18721
38996
35966
60313
21198
5864
11463
57268
3367
17047
25257
58961
34950
15816
62386
44818
11789
50996
44195
27720
64074
39688
13091
1419
22406
51980
3743
28146
43678
14469
441
65502
12815
62323
19263
47324
62284
9485
40035
44426
36417
12057
32986
53979
30703
26226
59093
20407
7607
13961
62007
18435
48773
61948
54781
39373
15569
482
39303
62682
5960
39023
29070
32230
19804
45753
46875
37905
28267
60011
50658
32706
35815
29785
50027
58779
32514
63258
25278
56374
46393
31802
50092
64501
21875
12307
42548
48710
28313
3697
23450
1439
17879
37302
1526
41037
52200
9562
12027
61581
36868
14179
10240
36481
37641
19797
14404
56380
16364
34231
45591
58915
22657
49518
28583
48884
16047
6084
48166
14227
41236
36982
56327
12836
65345
11472
64017
27192
33958
385
26248
54151
27572
45130
26988
37109
37649
26665
38189
62391
39362
9624
9892
26944
28051
44370
43168
15140
53812
50444
41504
8205
50445
35762
63341
53275
59600
62797
25146
41498
17196
26601
58333
3806
43877
35003
54899
39298
36519
40345
48389
28653
25734
12531
50840
30181
9294
30981
843
4003
31975
33117
14492
17969
44401
49875
31908
52294
50187
57004
16624
6534
64985
21900
19836
8051
54388
28060
18139
47477
46910
29990
53983
52654
15672
30558
35014
17094
2023
32675
9310
39097
20679
15953
8457
3371
64460
16255
21670
13852
56770
26191
37401
47812
28805
39867
21189
63411
19574
49626
64755
34252
28941
6217
59519
20089
22764
43893
59836
44491
16089
11856
27118
45036
29679
41864
34779
50838
29424
54782
3721
45925
39671
47290
24085
63134
57135
11453
33074
20087
60507
15976
63818
40678
38152
2457
9545
7492
291
13533
5858
10048
39013
39973
50049
21391
45710
61689
53841
9186
28961
47382
62355
15630
28210
2405
27522
36074
8499
28060
5217
8811
12286
38192
31977
21369
22969
64315
5100
4097
26225
41225
11292
5965
46901
37414
7512
60867
41332
55680
28130
29123
1817
26203
55288
14641
35910
55967
43081
935
8143
51450
18858
16028
15801
41449
49535
8386
36893
43517
27823
52723
61383
22403
7257
55261
65251
13808
45398
32674
52051
6591
25498
33244
18519
56929
1610
32343
45955
31918
25761
58819
44769
7672
10362
30436
10629
64464
47220
30781
17618
1390
10431
48178
35107
32307
19500
33310
36192
6726
54511
12569
63172
60500
19362
32699
27123
59123
5947
34865
56064
19599
21432
40645
37573
3730
48842
28713
4691
38087
45044
14428
39926
63505
50289
5856
59215
50726
60503
20119
45072
33788
58314
19603
57096
58242
15303
55707
2910
47406
2472
34929
32801
60834
33881
2209
61617
2636
27202
10104
62550
4229
64251
2402
45552
12763
7332
58090
53391
35409
24870
17040
15566
14405
17847
57756
49030
44635
53788
15702
24714
34671
48682
47566
5212
39898
9631
51137
42789
40284
27414
1051
3025
36192
51258
14499
31094
54818
22055
38781
55944
1996
20792
31666
41644
6530
7600
45314
32349
20506
33870
55987
5161
9028
30353
54666
25737
35720
21676
46845
24764
34173
11812
22879
7670
50724
17662
60005
27638
3524
3035
25319
36117
4439
64169
8631
23721
45444
17705
15213
42502
24176
28360
53841
65485
44449
56727
3995
55118
8946
13676
55219
1316
6829
13275
28425
29428
33990
12850
62157
49970
32554
53483
4512
34901
18463
37212
11767
12991
59047
10731
60908
61682
14313
11413
19375
15833
9866
63360
46599
56900
58601
49484
55266
54286
17836
38011
54442
26339
25279
47893
57341
29644
4301
5815
58524
38606
63942
23924
35760
32767
20163
45794
35325
10211
12500
39357
42547
27170
50763
57124
57917
41148
29573
13141
64968
12
7569
41489
23365
36802
16395
24889
33440
20672
60008
2694
43497
60701
25834
20769
11536
16561
25641
61243
34743
25262
44281
30289
47038
38210
20596
46078
9956
36099
6768
48702
59044
33669
31798
61501
36477
58529
9831
11342
32703
39328
64052
14060
18046
4615
29698
59958
49569
27453
19680
1841
27233
12372
49531
59303
12399
17310
17955
30784
21282
63831
35223
7730
42438
24103
35078
62428
55282
44544
15218
60568
11631
23269
45742
64800
60632
22058
53519
54752
28960
50166
13307
46235
42493
50000
12947
3242
9226
53920
35437
43793
34147
7570
10743
11890
63724
47763
48437
12309
6567
40004
17287
15209
13629
46657
11174
34500
26929
1441
12672
23586
25323
24005
54701
57769
56547
35258
41348
57575
19615
26559
8179
58925
6144
12182
50849
64752
45540
51398
62474
55186
24651
56903
23373
10055
2259
1669
10605
30209
24073
2999
34793
61933
23251
3223
52910
35778
35836
25477
48817
11786
1128
650
52382
8963
2666
56023
24604
37513
52740
3249
35301
62822
14149
24691
34707
17731
45955
12718
61586
4734
26515
40116
3206
1064
43529
34244
4443
31120
42717
24676
52640
54911
20315
50398
56457
7592
21145
65483
33222
4007
26142
30951
5462
19927
11799
47209
23516
52356
61692
37462
26352
3540
2194
19564
53902
52124
26468
28305
21860
18534
8341
42921
10765
11703
33527
58370
21862
33800
56771
45711
42623
44543
8145
48619
5114
22472
52868
58040
36057
55860
32525
21542
20456
29708
36120
29905
54681
1533
50800
51083
5622
35924
302
19335
21532
33965
42442
27443
18171
19649
3616
47730
24257
54238
62908
53433
11123
27417
40017
5700
5489
59889
9
11853
45741
53117
57798
60277
60950
21798
51849
2593
4392
58485
12183
10188
60023
34035
64765
42
3238
54738
39518
2703
50425
17200
25382
11131
8659
11659
28824
14198
21248
28020
10037
3695
55672
59820
8490
64081
5638
8286
55747
60075
21274
35448
17952
60109
41381
42142
27102
17890
34947
17122
8377
22305
31429
60275
2806
8341
58823
62104
6175
56749
23685
25510
49299
8408
3257
18386
62821
13503
51279
53080
60911
2516
17011
10231
21559
53249
2813
25722
65404
36198
64533
26517
37863
6873
54312
44442
17419
36291
38701
57355
53268
51957
7230
34089
1474
31343
58918
36023
23116
42801
7650
16121
2146
31539
65230
64373
26496
7111
16530
38338
47480
6190
4574
24414
34622
20968
16229
58000
772
58692
25125
41909
39438
17753
33970
54251
26170
8128
40782
48991
5630
11211
29870
42118
60362
39746
31136
10619
35352
64814
12909
36094
4850
32971
15794
60862
26714
25039
37937
48460
49182
10561
64064
24422
49347
35844
6646
35875
9966
14620
55472
30740
58098
12010
33077
52540
42706
51633
27871
7454
357
20592
32400
51595
51254
46463
53899
14475
34064
10379
48451
58443
46933
32489
36147
16470
43741
14037
50836
15331
29141
23882
31507
8201
59460
27946
8123
47253
389
35268
21263
13339
19270
33818
5809
10396
43604
58171
39499
61245
10138
35175
49413
17373
62923
33770
26868
41032
61901
12747
61782
57297
12280
61248
30532
50295
47212
65500
61002
33825
65446
42694
53448
58811
49517
45412
28169
30468
14840
35128
11377
8181
49121
35644
32151
7236
44365
27829
6602
22362
57900
59568
13145
4719
16041
18117
27496
39917
39574
51700
15514
13152
5252
5054
12044
32875
36190
3922
26513
59685
40059
50586
46691
61343
16257
43417
53347
13920
51416
55867
42333
14149
59351
36108
13406
13774
62760
49622
44756
62119
15016
29467
8599
41277
20301
32970
29497
61151
5311
9763
2217
45514
6488
61881
23346
53576
62226
44701
17754
50094
44289
5463
6385
1458
35104
43811
60852
25102
24204
937
13172
3963
3246
14132
56118
54353
50950
36010
22822
7183
63271
30365
8490
13074
41130
13208
26949
41991
43020
26080
16449
65028
36454
42640
12219
8615
55381
50647
14380
60155
51686
28462
40244
29797
46424
42470
6173
24951
59831
16954
33140
61980
64788
883
49812
26892
633
19180
62840
27907
49499
33143
9883
8615
1893
38250
55384
5550
1141
6780
6849
64542
58934
3380
62339
28789
23469
523
37644
51308
43352
8486
43947
236
18359
43117
29135
64642
20656
25281
5854
60768
37625
59791
31906
48976
3354
14578
56137
28371
43755
13569
62984
56970
35044
24372
42047
19032
57542
28474
39110
41389
16922
45407
2843
25886
34918
49746
60955
42327
11776
31454
36906
17268
8745
11873
38260
56905
25967
63188
46190
2009
11674
9436
55097
54854
48323
15279
20590
28298
62816
40294
28035
17476
51836
35246
23410
17734
55436
23578
41819
28509
56506
31357
60005
26616
27284
50072
17512
46639
64014
16197
53926
21098
58289
30280
51806
28711
58823
5495
15486
7629
13228
858
2510
18442
57894
26771
31602
32100
3395
25019
8321
37540
18944
29060
57189
28818
63415
55800
58048
36101
18587
49071
2874
11129
13255
64487
1480
28356
43439
50770
31181
63337
38815
38875
54319
47139
42808
42503
64235
4282
27186
3931
4463
1222
12293
52464
63870
26587
8068
3775
27467
25614
46038
34225
345
47571
57367
23531
41674
44988
9850
24433
46909
56660
31509
57330
40892
26248
23553
65244
39600
42625
63965
22128
12239
11224
21158
27728
2780
16519
22682
33373
32030
37735
39493
13193
51936
14644
16470
28642
41036
25422
9953
53758
62052
46288
23710
18619
57765
23933
32296
24868
59001
54667
38705
18619
16370
19007
184
58905
16004
2754
52462
17791
1373
57735
741
37261
6052
52271
39571
21479
20410
40793
13954
12929
11941
29896
868
5357
32614
43273
2424
8008
41943
52171
46644
30891
63511
64787
32971
59462
17519
26802
43883
57190
44227
59025
305
448
61905
26890
56879
52606
32386
7121
36827
6182
23459
52454
48423
7540
9201
34426
45744
50422
47547
58897
41904
28475
23429
45262
48146
64774
8608
16592
24519
54651
40138
4391
34425
59246
22527
22807
52069
25821
35326
29278
19274
63292
11633
54074
52341
19597
35578
9302
18265
50215
21394
33202
49064
7239
55622
20128
55246
34676
58910
27813
13992
5209
43782
18732
56123
11336
49026
57365
29682
22802
52548
49285
52260
28133
15387
16675
64925
8376
31397
303
23441
15268
42032
20580
39440
53276
39358
56519
3667
43987
31800
12557
9065
62587
29612
1967
43208
26995
27739
2068
51129
37797
47622
22219
8309
55361
29468
21787
24364
48124
19616
40699
59415
1453
55548
11513
64115
10679
46528
51844
34558
23013
60083
26087
44562
45872
46342
38795
43686
39252
25765
60237
26840
19760
22175
30491
24758
35192
56732
1532
55271
44258
28601
23333
61134
58852
10637
1273
42364
50314
9958
35839
51310
20230
33943
40724
63966
30979
39623
46364
49944
35111
54030
32867
16597
214
25417
17597
13032
22110
44454
42337
13541
47851
17335
56984
30331
27346
12816
33933
5579
52656
14812
27033
37223
4088
26762
14159
19342
26915
38616
44952
51525
47104
26180
41823
47274
50920
25797
32540
53119
57095
35230
45658
49780
58891
34377
3929
10249
53696
38021
49046
30768
43793
53453
58793
19848
57809
9402
11762
40856
52170
15592
41694
49693
10539
41044
4667
3205
56536
18687
60742
28304
35456
47393
3483
30360
25884
30940
20027
12310
64949
31825
49706
30365
54417
14623
13542
50470
44064
29675
31214
53215
3353
32090
16593
4811
41431
24352
33200
24056
35689
44988
5709
61240
22008
25894
12610
35584
19858
32199
35897
32396
41834
26972
31619
40519
797
42792
41383
22701
22271
14524
39511
49040
24566
22208
2558
13835
35546
55985
10085
57538
1107
45692
59703
49514
10753
62498
12925
34005
14324
13901
26248
37809
2620
55544
37941
18143
31177
15778
17149
63423
57174
24299
42975
10780
60881
30152
59878
64132
15555
33774
34109
53370
5080
17644
37916
44617
27706
21931
38527
46388
13686
38680
3307
24478
13662
22421
30352
30889
13319
60210
6310
11155
63555
52953
60034
54072
45869
55491
48719
50986
25808
29397
60941
3665
48684
47115
29923
63123
29132
7076
56837
3329
65358
2192
65425
3992
6678
30309
59375
61223
18949
36379
15915
23021
34535
3007
38338
58201
16487
3410
17782
52720
22936
60002
7795
20975
1798
8820
46977
36514
49160
33404
11328
31502
24250
52711
13571
38616
43979
32577
39799
64605
4845
16514
28843
22589
61431
6779
37579
37284
56409
52808
28644
162
18044
50188
13011
41859
32752
51543
64566
41640
49164
224
12001
28687
46578
16805
50720
29269
13500
56023
49083
33344
46966
5165
8592
42511
39602
4709
31059
7452
33594
15550
21034
10108
16769
38459
42374
46708
20482
31268
3988
14855
8900
326
56212
24751
15492
12921
7705
5547
2125
54220
22666
49633
51708
3523
8732
23567
46682
19557
59936
53141
26021
55598
7382
28805
14757
41737
55617
65520
10390
2307
15916
21894
38286
40434
3891
54495
40548
53594
31222
44224
22796
53101
29994
47441
43107
59360
17468
61135
8349
15277
22005
50048
32065
49967
40668
3733
9752
65368
50818
48713
44650
26657
30514
25245
6893
47838
38687
43991
26486
22547
30153
13618
64274
55228
63098
29486
27274
4653
37489
48554
11320
62840
29602
7925
49924
18962
31235
63627
59765
28414
41796
55935
56046
8612
47046
5254
57332
38645
24168
21693
59667
36873
65370
2551
49080
25224
103
8087
16050
17897
57116
166
14343
9350
38575
25581
15426
7851
48111
8667
25512
53097
58571
21151
50872
3478
43569
31596
44958
57596
56274
15297
31741
22065
51630
48857
33310
22568
19344
15328
48389
7367
27743
11982
25890
7708
51536
23891
23145
49741
23486
20424
32807
63825
23796
52827
12167
63943
2294
4639
18911
35183
48311
42008
63485
60231
46546
63818
56555
22070
15364
57046
53154
21002
44776
1903
6996
60155
46432
51257
16382
61844
510
32804
58629
50968
28238
2393
43012
42672
49461
50132
26740
51870
50857
49292
17782
49103
33394
37462
33969
3237
20668
59740
30380
51208
61291
28386
29330
50624
18006
24765
50063
14130
39281
3635
29280
51284
31014
13643
56002
3102
9670
52757
51559
45762
17651
54277
33698
9251
65097
9598
56663
62398
62569
62527
49458
26924
20874
25740
37535
22707
40194
62666
38447
42358
5287
63243
58288
2782
7137
35849
8088
24097
59347
36008
63934
16761
34227
24027
35494
29701
6549
56148
21070
32348
14275
19145
24811
23745
9562
35860
1727
40081
22245
20545
59228
65329
41188
35335
3751
27497
78
8091
50148
15151
49359
52502
65169
22603
10831
40666
53048
42650
23691
49550
42104
42775
29434
44512
42155
2833
32268
58331
42865
53155
15403
12830
42153
10382
59099
40185
24487
3954
10310
39733
18447
5092
51716
58641
124
60492
8148
30105
5146
49674
45818
53749
39285
36921
35110
43774
22017
15486
6834
2674
58305
62203
43818
50743
52267
57027
3681
5600
3268
9463
16181
40079
54373
8
43040
13386
16910
4896
59879
12953
17467
36090
15469
24861
41336
24232
7785
63408
50759
7524
3754
15720
53151
24583
14642
14488
12124
53661
26480
14088
57644
19469
16139
714
61035
62580
63057
24424
21393
858
8128
61118
43530
30026
56526
50415
179
16971
54024
49393
35062
3993
26816
61587
37213
2226
11735
42444
6381
63877
3707
13537
51546
45274
5691
54808
59918
50923
17423
19922
38947
9054
41253
5729
22231
51236
52379
56322
60880
11987
64892
10159
8022
1511
8241
60815
35335
25904
2501
12250
30356
3860
43235
64296
50115
20000
62524
14878
56820
10769
59436
24503
2992
31482
27542
37690
46539
49883
38078
17749
28037
34012
25797
27409
23221
52159
11678
27504
22290
24454
37510
58929
3310
8341
5881
25280
64245
5106
30941
3046
50960
41587
64755
26271
48084
6188
50356
30864
9256
9909
46837
62421
45757
15619
33381
34157
43666
56944
45062
23383
9371
36
50379
17413
43477
31192
42867
26441
47701
65332
20207
45376
48391
37730
61574
5261
63870
48109
35943
59855
53946
12147
53346
34498
5694
35638
63705
48403
63298
60033
53454
61593
24073
29798
32261
54928
8442
55583
2877
51433
46879
33939
35269
17002
35890
17355
59423
21223
38253
33863
57056
41521
42004
59197
57147
45979
35572
16197
3924
53662
8441
54095
37435
8017
47905
11143
31664
31484
18638
29040
60999
37068
3840
23350
49048
41052
6937
51976
9558
64251
41371
44587
64154
43528
794
51434
16303
28096
38365
50682
45351
25040
3620
465
6433
49765
24687
58266
5912
10542
40336
38959
47910
34022
38681
49051
12041
15870
32079
30273
16277
23599
63453
45638
46952
10188
3086
7729
29341
64152
41290
27150
53480
2181
62515
31263
37428
60411
52818
16410
54619
42571
16305
12337
58823
41572
53814
39979
52424
58328
25590
9254
35746
56574
62066
1468
21541
25151
17530
8218
17336
39816
10043
32454
11436
912
28027
3378
5933
39486
31843
61045
51169
61736
18415
18477
45140
15540
1344
16097
28470
40078
14895
38507
22552
4142
4741
45382
51678
7084
13725
55275
53783
30430
51193
46211
34912
49150
47551
30876
52216
54291
11023
44875
16671
2405
19715
59571
29691
45827
14296
5670
7061
4367
31312
13752
36295
21574
20859
64365
58171
50578
44951
65030
29402
5773
46899
28641
46759
51230
12125
38994
34733
59487
3784
47583
4012
54971
20049
38839
19912
28171
19962
31627
26430
61488
59546
4562
50778
32209
45447
54164
28742
60528
7594
65324
33397
31834
8576
51137
32466
36546
12306
35200
12358
53251
27072
7381
11018
40027
38796
56922
55683
27418
19580
12458
27568
17808
45975
33799
7179
40331
53836
29930
63201
45104
31933
19623
28312
50219
45928
38688
2473
59982
12265
64920
33639
48025
57847
811
26654
25494
481
56284
58088
58250
1676
29826
39163
59543
16021
32281
10614
16312
5768
23673
21259
24669
2546
53354
41745
52989
60093
33510
43726
24755
60681
53802
44379
11157
24777
64618
49445
54548
29009
17970
1664
62258
5967
60997
15294
30620
7969
23491
47501
27202
37966
20405
59679
52479
439
11354
6512
10527
18686
64926
25438
12762
12896
65039
51589
25216
36151
4490
61452
37854
13935
35895
55136
9153
56623
14372
58069
50201
24411
43314
3749
40529
1425
28016
36197
39488
56875
8432
45372
48762
20871
31639
28591
58359
24621
22070
36796
35418
42126
15749
22331
43292
24543
21669
31630
37310
24247
52157
32592
17251
30654
60635
45994
46325
11174
10708
49616
32052
36679
25637
62784
31918
60596
47256
17521
13888
11866
20143
21639
33931
14436
19316
27043
31543
21498
131
16620
58525
58254
39449
9134
14005
5312
3578
44689
57605
30479
14879
27536
56422
5193
48221
33874
56284
49102
3504
33487
51693
28089
3242
55328
46133
32031
10535
45966
11341
35445
14567
51453
55611
64609
59350
39885
21142
35725
25254
50033
48456
11155
57011
62261
46458
42006
17578
39395
9235
18176
14785
18593
60706
28712
19980
35538
18870
11077
47548
57296
58181
64129
14710
23069
1701
45331
47880
53670
2472
57871
11399
19501
58722
21428
49422
57861
27223
39435
32571
17146
44877
41030
7435
45790
52183
9048
49492
43041
59297
5333
56222
61206
56943
33162
13565
37701
51807
24374
39062
53209
43378
39845
13007
21774
57150
31610
12827
46960
31060
51891
20241
48385
48268
61858
51600
32078
5764
15807
18542
31240
29567
29208
54862
24397
37180
53095
62907
34828
43525
14298
64534
54393
35196
31870
26322
6549
21548
444
51933
55385
10219
10725
58861
10183
22144
13839
930
58741
64575
18085
44929
29368
46474
36482
3668
46918
52854
49460
8550
31909
60062
17452
20597
2190
629
53536
38663
65448
51667
51828
6643
28574
18631
33563
15841
41681
35337
26380
6274
26898
9234
9643
44093
55669
25956
44978
55811
51465
8208
17916
30880
30686
61408
31491
34895
26010
51176
45111
64460
49448
6622
53826
17721
53595
32826
60476
25114
36638
31922
63237
18599
46330
34176
11532
19081
18504
46091
20467
8090
62339
20381
10011
48722
47540
10335
26400
6
15997
61242
59564
52691
49082
45074
64912
43059
58824
52134
5039
29618
60682
41190
43251
23005
53241
50069
49543
26627
23442
20569
35396
2646
59088
24032
8254
39740
60796
42136
44547
51531
6542
18986
24548
19792
18719
9850
54197
36686
17787
40947
40144
39049
53517
8964
49358
52087
26352
44165
26543
13386
32399
38027
1495
64066
45050
10616
44104
22041
24932
57381
26519
39292
35701
24816
48831
19606
17592
26180
51693
54169
45172
26474
2151
60916
41360
39463
40541
38804
11884
43563
58327
24212
26119
1465
27045
8838
64316
36459
2164
31949
27990
41923
45597
49494
41456
10381
54584
8469
64486
64658
12592
24255
46397
46321
2563
4379
12991
2513
53270
41476
31284
21356
30010
34252
59402
14168
25216
34273
25566
61665
13736
28032
45401
23565
43319
56038
22039
60346
28022
51655
41206
28945
896
21924
57036
28186
53238
31709
39782
36705
61989
38390
1654
62938
9316
42332
12255
26453
478
4803
26668
16963
16057
2601
57003
47527
46788
22586
42079
17860
25165
8270
40973
6842
20200
25209
42428
33870
46874
64516
56206
48327
44567
58744
43574
33721
55996
46065
59246
49337
4908
2084
58355
37602
892
28684
20964
18283
7814
2235
29119
61853
38776
8439
28731
22941
43172
9025
44981
3942
58781
29502
1060
62726
11338
6856
31728
53730
39470
63820
51500
51934
47173
35856
10466
2273
55445
42276
2016
11511
16276
59758
15872
56773
63619
35790
26650
12408
19570
41602
58771
4446
55193
31221
34400
44792
7712
49142
56280
60800
50270
22391
39613
11911
13169
9066
61848
36165
6060
25131
43948
41705
20362
14019
56737
56536
6817
26039
58728
56693
30637
24648
47306
26947
50935
42386
8128
38638
18609
31511
50821
40567
32488
15311
63591
7411
8786
2771
30825
35581
34341
21588
23540
18264
37435
17820
8379
33074
13253
33844
3247
17751
22514
55228
37586
47541
28864
17726
3878
25657
62038
46952
23133
41357
33032
10675
20492
24839
12950
12670
36167
53961
767
10724
34378
8302
7654
64213
60154
2366
12962
26269
20656
18833
61486
37832
22721
51771
56595
39092
38350
25389
43655
22990
49451
4869
25247
775
4220
41383
4843
1305
56699
28545
11076
43391
50160
58523
61854
38645
39817
50091
59350
61728
47532
16554
16108
60837
4697
2084
21024
13904
58919
40439
53932
7150
64562
26713
59753
42687
54574
44552
52495
8390
50401
57735
41526
20798
29808
42967
47507
9351
60977
47055
28843
33585
57375
57044
10367
8033
25200
13368
2457
37757
19097
2189
8675
17692
34856
42945
30971
46248
61357
34720
46250
43618
7966
23868
53462
62046
8987
46148
43489
35208
5661
55659
667
63094
48821
51723
53308
46894
28258
28534
28586
45966
14983
13653
31714
51838
49076
65350
3289
63437
6103
33386
33773
45387
52775
54592
53436
22514
64811
52117
21713
15474
46674
14148
63501
62503
9798
10300
55713
1064
46203
20576
35482
61650
10536
56206
3364
61935
36729
57184
57028
32833
15338
41437
43679
43680
8968
56706
47963
56784
55200
19893
40826
23514
64062
5392
6110
54830
54076
29709
64179
17921
49619
10889
58135
22560
38180
52369
50206
14139
34432
15643
18094
10825
36458
7117
60038
46690
49248
62693
11881
18046
26340
64680
23306
28076
48783
31172
47112
35927
22695
18516
23277
45620
18385
54348
51162
19422
4234
459
20100
54021
10526
47005
39034
58115
42171
1212
51908
40279
8542
35565
36023
51068
48666
43991
32902
6051
57034
51036
41686
63912
42069
53391
11868
61479
57370
23220
49923
56863
20064
53829
46965
37261
42785
5898
61654
45867
7694
31613
42418
57516
5198
63781
6981
17831
53053
37162
38681
38131
11142
40714
65072
62409
9660
42249
14572
24041
59805
58345
29896
5930
60009
31785
48864
4698
5718
13464
25650
12295
24776
18472
38005
22522
28442
53310
45971
25729
18405
48216
40739
60016
6507
37214
575
64360
42831
28012
26673
62595
20192
3784
32631
3603
26105
34661
13336
45210
42978
51675
34450
18240
62611
38071
3521
42212
26946
43422
20220
10016
19999
64279
41052
33100
35189
34859
2224
25790
62135
64355
35444
25132
53651
3330
21029
17768
49234
34690
27697
43169
27283
1026
21412
21725
4124
35858
11233
5353
58472
7571
37610
65315
24944
39254
578
47820
41168
12988
8327
21086
5636
30487
41054
8063
26178
46122
24279
58732
25247
40541
32413
58242
65054
39180
37342
32293
8412
42709
33062
1690
26749
32472
12063
10638
34025
28457
31359
45263
43195
52668
40558
1140
4231
40232
2503
17159
19429
62650
56898
13697
41447
56037
26778
37666
45660
38302
49926
32163
38176
25077
60499
63481
43750
28693
12925
28740
24695
20964
2909
15607
24470
15223
46921
33949
45912
20649
50228
31078
40942
29490
25490
40399
826
38033
20729
47243
39789
4933
62493
51578
58852
24093
50572
40464
32977
63176
63655
7222
14631
6102
39369
29962
35048
3116
20831
28232
734
6235
26432
47682
59286
4609
17595
39459
59755
28602
64219
5665
3803
5054
54867
48995
14109
56470
43628
51830
24494
5717
36109
23729
54457
31855
23543
22101
54820
22590
62417
1536
21527
62041
13700
2171
61261
19552
8394
37788
2023
18085
48491
39685
29788
3940
3004
59299
30437
6017
44274
54651
11338
34121
50245
27406
9666
14203
27920
8354
56998
13316
20953
8263
4012
4681
38018
51315
26405
2470
64382
34915
47808
1449
50354
48556
14317
52780
35458
62603
12898
37142
64815
47621
47075
23924
44944
36962
60748
50579
44998
64424
2141
40851
41941
33688
3616
40116
9078
6820
21779
61542
7951
45673
47677
39158
55937
37557
11092
7815
51548
64450
22245
32537
58233
51898
62692
56545
60052
25161
35823
62088
55156
19400
57630
39805
42304
13958
11315
15935
26757
9426
55866
824
17471
20483
35249
52469
39808
17757
1421
58756
21701
2935
24003
19080
12708
18721
23190
52250
3125
22960
56875
6856
9182
3967
62889
27145
56381
16704
7529
23748
11111
21229
50377
10010
12224
27834
51901
32444
31593
20869
24094
64611
21895
44896
52022
10615
58781
53815
39375
1083
54794
64881
59848
10135
63956
1988
45230
54315
24687
11647
63277
43269
50544
19697
12113
52447
51486
34510
38266
11652
10126
11250
56373
55002
55922
49375
8861
44326
5748
1904
55909
6988
21249
50519
58651
10366
1417
21922
10000
12411
27434
31618
50678
43006
2629
7968
45653
16068
62135
61164
30754
49231
33383
6395
52151
26356
40198
24545
37124
32013
54293
14882
22885
47282
47350
14939
10746
50939
10081
31658
63300
50881
24170
41425
58536
50708
31629
26238
44193
27518